name: DeepDream
channels:
  - willyd
  - conda-forge
  - defaults
dependencies:
  - absl-py=0.6.1=py36_0
  - astor=0.7.1=py_0
  - astroid=2.0.3=py36_1000
  - backports=1.0=py_2
  - backports.weakref=1.0rc1=py36_1
  - bleach=1.5.0=py36_0
  - ca-certificates=2018.10.15=ha4d7672_0
  - certifi=2018.10.15=py36_1000
  - colorama=0.4.0=py_0
  - cycler=0.10.0=py_1
  - freetype=2.9.1=he8b6a0d_1004
  - gast=0.2.0=py_0
  - grpcio=1.14.1=py36he089993_0
  - h5py=2.8.0=py36h54c06b0_1003
  - hdf5=1.10.2=vc14_0
  - html5lib=0.9999999=py36_0
  - icu=58.2=vc14_0
  - isort=4.3.4=py36_1000
  - jpeg=9b=vc14_2
  - kiwisolver=1.0.1=py36he980bc4_1002
  - lazy-object-proxy=1.3.1=py36hfa6e2cd_1000
  - libgpuarray=0.7.6=vc14_0
  - libpng=1.6.34=vc14_0
  - libprotobuf=3.5.2=vc14_0
  - mako=1.0.7=py_1
  - markdown=2.6.11=py_0
  - markupsafe=1.0=py36hfa6e2cd_1001
  - matplotlib=3.0.1=h8a2030e_1001
  - matplotlib-base=3.0.1=py36h0497f0e_1001
  - mccabe=0.6.1=py_1
  - mkl_fft=1.0.6=py36_0
  - mkl_random=1.0.2=py36_0
  - mock=2.0.0=py36_1000
  - openssl=1.0.2p=hfa6e2cd_1001
  - pbr=4.2.0=py_0
  - pip=18.1=py36_1000
  - protobuf=3.5.2=py36_vc14_0
  - pygpu=0.7.6=py36h452e1ab_1000
  - pylint=2.1.1=py36_1000
  - pyparsing=2.3.0=py_0
  - pyqt=5.6.0=py36h764d66f_7
  - pyreadline=2.1=py36_1000
  - python=3.6.6=he025d50_0
  - python-dateutil=2.7.5=py_0
  - pyyaml=3.13=py36hfa6e2cd_1001
  - qt=5.6.2=vc14_1
  - setuptools=40.5.0=py36_0
  - sip=4.18.1=py36h6538335_0
  - six=1.11.0=py36_1001
  - tensorboard=1.10.0=py36_0
  - termcolor=1.1.0=py_2
  - theano=1.0.3=py36h6538335_1001
  - tornado=5.1.1=py36hfa6e2cd_1000
  - typed-ast=1.1.0=py36hfa6e2cd_1000
  - vc=14=0
  - vs2015_runtime=14.0.25420=0
  - vs2015_win-64=14.0.25123=h17c34da_3
  - webencodings=0.5.1=py_1
  - werkzeug=0.14.1=py_0
  - wheel=0.32.2=py36_0
  - wincertstore=0.2=py36_1002
  - wrapt=1.10.11=py36hfa6e2cd_1001
  - yaml=0.1.7=vc14_0
  - zlib=1.2.11=vc14_0
  - blas=1.0=mkl
  - cudatoolkit=9.0=1
  - cudnn=7.1.4=cuda9.0_0
  - icc_rt=2017.0.4=h97af966_0
  - intel-openmp=2019.0=118
  - keras-applications=1.0.6=py36_0
  - mkl=2019.0=118
  - numpy=1.15.3=py36ha559c80_0
  - numpy-base=1.15.3=py36h8128ebf_0
  - scipy=1.1.0=py36h4f6bf74_1
  - pip:
    - download==0.3.3
    - keras-preprocessing==1.0.5
    - opencv-python==3.4.3.18
    - pillow==5.3.0
    - qrcode==6.0
    - tensorflow==1.12.0
    - tqdm==4.28.1
prefix: C:\Users\davy.van.belle\AppData\Local\conda\conda\envs\DeepDream

